30
90
360
90
90
30
360
60
30
30
360
90
30
90
360
90
90
30
360
60
30
30
360
90
30
90
360
90
90
30
360
60
30
30
360
90
30
90
360
90
90
30
360
60
30
30
360
90
30
90
360
90
90
30
360
60
30
30
360
90
30
90
360
90
90
30
360
60
30
30
360
90
30
90
360
90
90
30
360
60
30
30
360
90
30
90
360
90
90
30
360
60
30
30
360
90
30
90
360
90
90
30
360
60
30
30
360
90
30
90
360
90
90
30
360
60
30
30
360
90
30
90
360
90
90
30
360
60
30
30
360
90
30
90
360
90
90
30
360
60
30
30
360
90
30
90
360
90
90
30
360
60
30
30
360
90
30
90
360
90
90
30
360
60
30
30
360
90
30
90
360
90
90
30
360
60
30
30
360
90
30
90
360
90
90
30
360
60
30
30
360
90
30
90
360
90
90
30
360
60